
 Optimal production plan for production programm planning in circualr economic

-----------------------------------------------------------------
Product  | Period  | Iventory  | production  | sales  | demands 
-----------------------------------------------------------------
       1 |       1 |       3.0 |         0.0 |    3.0 |       49
       1 |       2 |       0.0 |         0.0 |    0.0 |       97
       1 |       3 |       0.0 |         0.0 |    0.0 |       12
       1 |       4 |       0.0 |         0.0 |    0.0 |       34
       1 |       5 |       0.0 |         0.0 |    0.0 |       95
       2 |       1 |       3.0 |         0.0 |    3.0 |        5
       2 |       2 |       0.0 |        43.0 |   43.0 |       71
       2 |       3 |       0.0 |        43.0 |   43.0 |       71
       2 |       4 |       0.0 |        15.0 |   15.0 |       23
       2 |       5 |       0.0 |         6.0 |    6.0 |        6
       3 |       1 |       3.0 |         0.0 |    3.0 |        3
       3 |       2 |       0.0 |         0.0 |    0.0 |       96
       3 |       3 |       0.0 |         0.0 |    0.0 |       72
       3 |       4 |       0.0 |         0.0 |    0.0 |       69
       3 |       5 |       0.0 |         0.0 |    0.0 |       79
       4 |       1 |       4.0 |         0.0 |    4.0 |       36
       4 |       2 |       0.0 |         0.0 |    0.0 |       93
       4 |       3 |       0.0 |         0.0 |    0.0 |       92
       4 |       4 |       0.0 |         0.0 |    0.0 |       27
       4 |       5 |       0.0 |         0.0 |    0.0 |       91
       5 |       1 |       3.0 |         0.0 |    3.0 |        7
       5 |       2 |       0.0 |         0.0 |    0.0 |       21
       5 |       3 |       0.0 |         0.0 |    0.0 |       44
       5 |       4 |       0.0 |         0.0 |    0.0 |       32
       5 |       5 |       0.0 |         0.0 |    0.0 |       50
       6 |       1 |       4.0 |         0.0 |    4.0 |       86
       6 |       2 |       0.0 |         0.0 |    0.0 |       42
       6 |       3 |       0.0 |         0.0 |    0.0 |       65
       6 |       4 |       0.0 |         0.0 |    0.0 |        7
       6 |       5 |       0.0 |         0.0 |    0.0 |       20

----------------------------------------------------------------------------
Product  | Period  |  Residual Capacity  | reusable factor  | primary factor
----------------------------------------------------------------------------
       1 |       1 |                 2.0 |             41.0 |      0.0
       1 |       2 |                43.0 |              0.0 |      0.0
       1 |       3 |                 0.0 |             43.0 |      0.0
       1 |       4 |                 0.0 |             21.0 |      0.0
       1 |       5 |                 6.0 |              0.0 |      0.0
       3 |       1 |                 1.0 |             49.0 |      0.0
       3 |       2 |                50.0 |              0.0 |      0.0
       3 |       3 |                 7.0 |             49.0 |      0.0
       3 |       4 |                13.0 |              2.0 |      0.0
       3 |       5 |                 0.0 |              6.0 |      0.0
       2 |       1 |                 3.0 |             66.0 |      0.0
       2 |       2 |                69.0 |             30.0 |      0.0
       2 |       3 |                13.0 |             73.0 |      0.0
       2 |       4 |                 0.0 |             30.0 |      0.0
       2 |       5 |                 0.0 |             12.0 |      0.0

Service Level for Product 1: 0.0000
Service Level for Product 2: 0.2000
Service Level for Product 3: 0.2000
Service Level for Product 4: 0.0000
Service Level for Product 5: 0.0000
Service Level for Product 6: 0.0000

Overall Service Level: 0.0000

total contribution margin: 332.0000
