Optimal circular master production schedule

------------------------------------------------------------
 Product | Period | Inventory | Production | Sales | Demand 
------------------------------------------------------------
       1 |      1 |      3.00 |       0.00 |  3.00 |   7.70 
       1 |      2 |      0.00 |       0.00 |  0.00 |   4.20 
       1 |      3 |      0.00 |       0.00 |  0.00 |   1.17 
       1 |      4 |      0.00 |       0.00 |  0.00 |   0.60 
       1 |      5 |      0.00 |       0.00 |  0.00 |   1.64 
       1 |      6 |      0.00 |       0.00 |  0.00 |   4.20 
       1 |      7 |      0.00 |       0.00 |  0.00 |   5.50 
       1 |      8 |      0.00 |       0.00 |  0.00 |  11.20 
       1 |      9 |      0.00 |       0.00 |  0.00 |  13.76 
       1 |     10 |      0.00 |       0.00 |  0.00 |  10.50 
       1 |     11 |      0.00 |       0.00 |  0.00 |   9.83 
       1 |     12 |      0.00 |       0.00 |  0.00 |   6.40 
       2 |      1 |      3.00 |       0.00 |  1.03 |   1.03 
       2 |      2 |      1.97 |       0.00 |  0.71 |   0.71 
       2 |      3 |      1.26 |       0.00 |  0.85 |   0.85 
       2 |      4 |      0.41 |       0.00 |  0.41 |   2.80 
       2 |      5 |      0.00 |       0.00 |  0.00 |   4.21 
       2 |      6 |      0.00 |       0.00 |  0.00 |   6.23 
       2 |      7 |      0.00 |       0.00 |  0.00 |   7.77 
       2 |      8 |      0.00 |       0.62 |  0.62 |  12.59 
       2 |      9 |      0.00 |       0.49 |  0.49 |   9.94 
       2 |     10 |      0.00 |       0.00 |  0.00 |   6.56 
       2 |     11 |      0.00 |       3.32 |  3.32 |   5.74 
       2 |     12 |      0.00 |       2.57 |  2.57 |   2.57 
       3 |      1 |      4.00 |       0.00 |  0.95 |   0.95 
       3 |      2 |      3.05 |       0.00 |  3.05 |   3.64 
       3 |      3 |      0.00 |       0.00 |  0.00 |   7.04 
       3 |      4 |      0.00 |       0.00 |  0.00 |   9.10 
       3 |      5 |      0.00 |       0.00 |  0.00 |   7.66 
       3 |      6 |      0.00 |       0.00 |  0.00 |  14.67 
       3 |      7 |      0.00 |       0.00 |  0.00 |  10.05 
       3 |      8 |      0.00 |       0.00 |  0.00 |  11.76 
       3 |      9 |      0.00 |       0.00 |  0.00 |   8.36 
       3 |     10 |      0.00 |       0.00 |  0.00 |   4.10 
       3 |     11 |      0.00 |       0.00 |  0.00 |   1.14 
       3 |     12 |      0.00 |       0.00 |  0.00 |   0.42 
       4 |      1 |      4.00 |       0.79 |  4.79 |   4.79 
       4 |      2 |      0.00 |      12.17 | 10.31 |  10.31 
       4 |      3 |      1.86 |      11.33 | 11.32 |  11.32 
       4 |      4 |      1.87 |      10.67 | 12.54 |  12.54 
       4 |      5 |      0.00 |       8.97 |  8.11 |   8.11 
       4 |      6 |      0.85 |      11.17 | 12.02 |  12.02 
       4 |      7 |      0.00 |       8.69 |  8.69 |   8.69 
       4 |      8 |      0.00 |       5.09 |  5.09 |   5.09 
       4 |      9 |      0.00 |       1.25 |  1.25 |   1.25 
       4 |     10 |      0.00 |       0.55 |  0.55 |   0.55 
       4 |     11 |      0.00 |       1.20 |  1.20 |   1.20 
       4 |     12 |      0.00 |       2.41 |  2.41 |   2.41 
       5 |      1 |      4.00 |       0.00 |  4.00 |  13.00 
       5 |      2 |      0.00 |       0.00 |  0.00 |   8.33 
       5 |      3 |      0.00 |       0.00 |  0.00 |  12.27 
       5 |      4 |      0.00 |       0.00 |  0.00 |   7.01 
       5 |      5 |      0.00 |       0.00 |  0.00 |   9.01 
       5 |      6 |      0.00 |       0.00 |  0.00 |   5.40 
       5 |      7 |      0.00 |       0.00 |  0.00 |   1.37 
       5 |      8 |      0.00 |       0.00 |  0.00 |   0.82 
       5 |      9 |      0.00 |       0.00 |  0.00 |   1.09 
       5 |     10 |      0.00 |       0.00 |  0.00 |   2.68 
       5 |     11 |      0.00 |       0.00 |  0.00 |   3.65 
       5 |     12 |      0.00 |       0.00 |  0.00 |   5.71 
       6 |      1 |      4.00 |       2.65 |  6.65 |  14.41 
       6 |      2 |      0.00 |       0.00 |  0.00 |  10.73 
       6 |      3 |      0.00 |       0.00 |  0.00 |   8.00 
       6 |      4 |      0.00 |       0.00 |  0.00 |   4.08 
       6 |      5 |      0.00 |       0.00 |  0.00 |   1.50 
       6 |      6 |      0.00 |       0.00 |  0.00 |   0.77 
       6 |      7 |      0.00 |       0.00 |  0.00 |   0.99 
       6 |      8 |      0.00 |       2.88 |  2.88 |   2.88 
       6 |      9 |      0.00 |       6.06 |  6.06 |   6.06 
       6 |     10 |      0.00 |       9.69 |  9.69 |   9.69 
       6 |     11 |      0.00 |       7.30 |  7.30 |   7.30 
       6 |     12 |      0.00 |       8.29 |  8.29 |   8.29 

---------------------------------------------------------------------------------
 Secondary m. | Period |  Inventory | Procurement sec. m. | Procurement prim. m. 
---------------------------------------------------------------------------------
            1 |      1 |      12.00 |               17.00 |                 0.00 
            1 |      2 |      16.83 |               33.00 |                 0.00 
            1 |      3 |      25.49 |               30.00 |                 0.00 
            1 |      4 |      32.82 |               26.00 |                 0.00 
            1 |      5 |      37.49 |               25.00 |                 0.00 
            1 |      6 |      44.56 |               32.00 |                 0.00 
            1 |      7 |      54.22 |               18.00 |                 0.00 
            1 |      8 |      54.85 |               18.00 |                 0.00 
            1 |      9 |      48.68 |               34.00 |                 0.00 
            1 |     10 |      53.97 |               30.00 |                 0.00 
            1 |     11 |      44.13 |               29.00 |                 0.00 
            1 |     12 |      28.25 |               20.00 |                 0.00 
            2 |      1 |      26.00 |               20.00 |                 0.00 
            2 |      2 |      40.97 |               34.00 |                 0.00 
            2 |      3 |      38.46 |               21.00 |                 0.00 
            2 |      4 |      25.46 |               22.00 |                 0.00 
            2 |      5 |      15.46 |               20.00 |                 0.00 
            2 |      6 |       8.56 |               29.00 |                 0.00 
            2 |      7 |       4.06 |               22.00 |                 0.00 
            2 |      8 |       0.00 |               20.00 |                 0.00 
            2 |      9 |       0.00 |               11.29 |                 0.00 
            2 |     10 |       0.00 |               11.34 |                 0.00 
            2 |     11 |       0.00 |               27.09 |                 0.00 
            2 |     12 |       6.23 |               17.00 |                 0.00 

Service level for product 1: 0.0000
Service level for product 2: 0.3333
Service level for product 3: 0.0833
Service level for product 4: 1.0000
Service level for product 5: 0.0000
Service level for product 6: 0.4167
Total contribution margin: 13305.2874
