Optimal policy for availability model (Gurobi solver) 

Inventory level | Order quantity | Probability
===============================================
            -10 |              8 | 0.0000000032
             -9 |              8 | 0.0000000845
             -8 |              8 | 0.0000010725
             -7 |              8 | 0.0000087739
             -6 |              8 | 0.0000520177
             -5 |              8 | 0.0002383645
             -4 |              8 | 0.0009150919
             -3 |              8 | 0.0030517022
             -2 |              8 | 0.0093133963
             -1 |              8 | 0.0267783886
              0 |              8 | 0.0675985701
              1 |              7 | 0.1358255391
              2 |              6 | 0.2050664017
              3 |              5 | 0.2265532259
              4 |              4 | 0.1796955086
              5 |              3 | 0.0995320118
              6 |              0 | 0.0365646575
              7 |              0 | 0.0080119096
              8 |              0 | 0.0007932805
              9 |              0 | 0.0000000000
             10 |              0 | 0.0000000000
             11 |              0 | 0.0000000000
             12 |              0 | 0.0000000000
             13 |              0 | 0.0000000000
             14 |              0 | 0.0000000000
             15 |              0 | 0.0000000000
             16 |              0 | 0.0000000000
             17 |              0 | 0.0000000000
             18 |              0 | 0.0000000000
             19 |              0 | 0.0000000000
             20 |              0 | 0.0000000000

Expected total cost per period: 33.3940
Expected inventory level: 2.7239
Maximum inventory level: 8
Expected shortage: 0.0598
Maximum shortage: 10.0000
Expected order quantity: 5.1950
Expected supply quantity: 4.9402
