Optimal policy for availability model v2

Inventory level | Order quantity | Probability
==============================================
            -10 |              0 | 0.000000000
             -9 |              5 | 0.000000021
             -8 |              5 | 0.000000439
             -7 |              5 | 0.000005526
             -6 |              5 | 0.000047562
             -5 |              5 | 0.000297009
             -4 |              5 | 0.001396924
             -3 |              5 | 0.005092741
             -2 |              5 | 0.014821214
             -1 |              5 | 0.035740449
              0 |              5 | 0.074466603
              1 |              4 | 0.136663375
              2 |              3 | 0.212381707
              3 |              2 | 0.252273953
              4 |              1 | 0.195124201
              5 |              0 | 0.071688276
              6 |              0 | 0.000000000
              7 |              0 | 0.000000001
              8 |              0 | 0.000000000
              9 |              0 | 0.000000000
             10 |              0 | 0.000000000
             11 |              0 | 0.000000000
             12 |              0 | 0.000000000
             13 |              0 | 0.000000000
             14 |              0 | 0.000000000
             15 |              0 | 0.000000000
             16 |              0 | 0.000000000
             17 |              0 | 0.000000000
             18 |              0 | 0.000000000
             19 |              0 | 0.000000000
             20 |              0 | 0.000000000

Expected total cost per period:   13.7781
Expected inventory level:          2.4572
Maximum inventory level:           7.0000
Expected shortage:                 0.0881
Maximum shortage:                  9.0000
Expected order quantity:           2.5428
