Optimal circular master production schedule

------------------------------------------------------------
 Product | Period | Inventory | Production | Sales | Demand 
------------------------------------------------------------
       1 |      1 |      3.00 |       0.00 |  3.00 |  10.29 
       1 |      2 |      0.00 |       0.00 |  0.00 |   8.94 
       1 |      3 |      0.00 |       0.00 |  0.00 |   5.34 
       1 |      4 |      0.00 |       0.00 |  0.00 |   3.27 
       1 |      5 |      0.00 |       0.00 |  0.00 |   1.50 
       1 |      6 |      0.00 |       0.00 |  0.00 |   1.02 
       1 |      7 |      0.00 |       0.00 |  0.00 |   0.85 
       1 |      8 |      0.00 |       0.00 |  0.00 |   2.47 
       1 |      9 |      0.00 |       0.00 |  0.00 |   5.20 
       1 |     10 |      0.00 |       0.00 |  0.00 |   9.69 
       1 |     11 |      0.00 |       0.00 |  0.00 |  12.78 
       1 |     12 |      0.00 |       0.00 |  0.00 |  14.51 
       2 |      1 |      4.00 |       0.00 |  4.00 |  10.29 
       2 |      2 |      0.00 |       0.00 |  0.00 |   8.94 
       2 |      3 |      0.00 |       0.00 |  0.00 |   5.34 
       2 |      4 |      0.00 |       0.00 |  0.00 |   3.27 
       2 |      5 |      0.00 |       0.00 |  0.00 |   1.50 
       2 |      6 |      0.00 |       0.00 |  0.00 |   1.02 
       2 |      7 |      0.00 |       0.00 |  0.00 |   0.85 
       2 |      8 |      0.00 |       0.00 |  0.00 |   2.47 
       2 |      9 |      0.00 |       0.00 |  0.00 |   5.20 
       2 |     10 |      0.00 |       0.00 |  0.00 |   9.69 
       2 |     11 |      0.00 |       0.00 |  0.00 |  12.78 
       2 |     12 |      0.00 |       0.00 |  0.00 |  14.51 
       3 |      1 |      5.00 |       0.00 |  5.00 |  10.29 
       3 |      2 |      0.00 |       0.00 |  0.00 |   8.94 
       3 |      3 |      0.00 |       0.00 |  0.00 |   5.34 
       3 |      4 |      0.00 |       0.00 |  0.00 |   3.27 
       3 |      5 |      0.00 |       0.00 |  0.00 |   1.50 
       3 |      6 |      0.00 |       0.00 |  0.00 |   1.02 
       3 |      7 |      0.00 |       0.00 |  0.00 |   0.85 
       3 |      8 |      0.00 |       0.00 |  0.00 |   2.47 
       3 |      9 |      0.00 |       0.00 |  0.00 |   5.20 
       3 |     10 |      0.00 |       0.00 |  0.00 |   9.69 
       3 |     11 |      0.00 |       0.00 |  0.00 |  12.78 
       3 |     12 |      0.00 |       0.00 |  0.00 |  14.51 
       4 |      1 |      4.00 |       0.00 |  4.00 |  10.29 
       4 |      2 |      0.00 |       0.00 |  0.00 |   8.94 
       4 |      3 |      0.00 |       0.00 |  0.00 |   5.34 
       4 |      4 |      0.00 |       0.00 |  0.00 |   3.27 
       4 |      5 |      0.00 |       0.00 |  0.00 |   1.50 
       4 |      6 |      0.00 |       0.00 |  0.00 |   1.02 
       4 |      7 |      0.00 |       0.00 |  0.00 |   0.85 
       4 |      8 |      0.00 |       0.00 |  0.00 |   2.47 
       4 |      9 |      0.00 |       0.00 |  0.00 |   5.20 
       4 |     10 |      0.00 |       0.00 |  0.00 |   9.69 
       4 |     11 |      0.00 |       0.00 |  0.00 |  12.78 
       4 |     12 |      0.00 |       0.00 |  0.00 |  14.51 
       5 |      1 |      4.00 |       6.29 | 10.29 |  10.29 
       5 |      2 |      0.00 |       8.94 |  8.94 |   8.94 
       5 |      3 |      0.00 |       0.73 |  0.73 |   5.34 
       5 |      4 |      0.00 |       3.27 |  3.27 |   3.27 
       5 |      5 |      0.00 |       1.50 |  1.50 |   1.50 
       5 |      6 |      0.00 |       1.02 |  1.02 |   1.02 
       5 |      7 |      0.00 |       0.00 |  0.00 |   0.85 
       5 |      8 |      0.00 |       0.00 |  0.00 |   2.47 
       5 |      9 |      0.00 |       0.00 |  0.00 |   5.20 
       5 |     10 |      0.00 |       9.69 |  9.69 |   9.69 
       5 |     11 |      0.00 |       1.05 |  1.05 |  12.78 
       5 |     12 |      0.00 |      14.51 | 14.51 |  14.51 
       6 |      1 |      4.00 |       6.29 | 10.29 |  10.29 
       6 |      2 |      0.00 |       8.94 |  8.94 |   8.94 
       6 |      3 |      0.00 |       5.34 |  5.34 |   5.34 
       6 |      4 |      0.00 |       3.27 |  3.27 |   3.27 
       6 |      5 |      0.00 |       1.50 |  1.50 |   1.50 
       6 |      6 |      0.00 |       1.02 |  1.02 |   1.02 
       6 |      7 |      0.00 |       0.85 |  0.85 |   0.85 
       6 |      8 |      0.00 |       2.47 |  2.47 |   2.47 
       6 |      9 |      0.00 |       5.20 |  5.20 |   5.20 
       6 |     10 |      0.00 |       9.69 |  9.69 |   9.69 
       6 |     11 |      0.00 |      12.78 | 12.78 |  12.78 
       6 |     12 |      0.00 |      14.51 | 14.51 |  14.51 

---------------------------------------------------------------------------------
 Secondary m. | Period |  Inventory | Procurement sec. m. | Procurement prim. m. 
---------------------------------------------------------------------------------
            1 |      1 |      20.00 |                5.00 |                 0.00*
            1 |      2 |      12.41 |                5.00 |                 0.48*
            1 |      3 |       0.00 |                4.00 |                 0.00*
            1 |      4 |       2.53 |                4.00 |                 0.00*
            1 |      5 |       0.00 |                4.00 |                 0.00*
            1 |      6 |       1.00 |                8.00 |                 0.00*
            1 |      7 |       6.96 |                6.00 |                 0.00*
            1 |      8 |      12.96 |                6.00 |                 0.00*
            1 |      9 |      18.96 |                6.00 |                 0.00*
            1 |     10 |      24.96 |                7.00 |                 0.00*
            1 |     11 |      12.59 |                7.00 |                 0.00*
            1 |     12 |      17.49 |                7.00 |                 4.52*
            2 |      1 |      25.00 |                5.00 |                 0.00*
            2 |      2 |      17.41 |                5.00 |                 0.00*
            2 |      3 |       4.52 |                4.00 |                 0.00*
            2 |      4 |       7.06 |                4.00 |                 0.00*
            2 |      5 |       4.52 |                4.00 |                 0.00*
            2 |      6 |       5.53 |                8.00 |                 0.00*
            2 |      7 |      11.48 |                6.00 |                 0.00*
            2 |      8 |      17.48 |                6.00 |                 0.00*
            2 |      9 |      23.48 |                6.00 |                 0.00*
            2 |     10 |      29.48 |                7.00 |                 0.00*
            2 |     11 |      17.11 |                7.00 |                 0.00*
            2 |     12 |      22.01 |                7.00 |                 0.00*

Service level for product 1: 0.0000
Service level for product 2: 0.0000
Service level for product 3: 0.0000
Service level for product 4: 0.0000
Service level for product 5: 0.5833
Service level for product 6: 1.0000
Total contribution margin: 17005.8640
