Optimal circular master production schedule

------------------------------------------------------------
 Product | Period | Inventory | Production | Sales | Demand 
------------------------------------------------------------
       1 |      1 |      4.00 |       0.00 |  4.00 |   4.40 
       1 |      2 |      0.00 |       0.00 |  0.00 |   2.40 
       1 |      3 |      0.00 |       0.00 |  0.00 |   0.94 
       1 |      4 |      0.00 |       0.00 |  0.00 |   0.40 
       1 |      5 |      0.00 |       1.40 |  1.40 |   1.40 
       1 |      6 |      0.00 |       4.20 |  4.20 |   4.20 
       1 |      7 |      0.00 |       3.64 |  3.64 |   5.50 
       1 |      8 |      0.00 |       6.00 |  6.00 |   9.60 
       1 |      9 |      0.00 |       7.00 |  7.00 |  11.80 
       1 |     10 |      0.00 |       9.83 |  9.83 |  12.60 
       1 |     11 |      0.00 |       3.57 |  3.57 |   7.86 
       1 |     12 |      0.00 |       5.90 |  5.90 |  11.20 
       2 |      1 |      4.00 |       0.00 |  1.29 |   1.29 
       2 |      2 |      2.71 |       0.00 |  0.71 |   0.71 
       2 |      3 |      2.00 |       0.00 |  0.85 |   0.85 
       2 |      4 |      1.15 |       0.00 |  1.15 |   3.36 
       2 |      5 |      0.00 |       0.00 |  0.00 |   5.26 
       2 |      6 |      0.00 |       0.00 |  0.00 |   6.23 
       2 |      7 |      0.00 |       0.00 |  0.00 |   7.77 
       2 |      8 |      0.00 |       0.00 |  0.00 |   8.40 
       2 |      9 |      0.00 |       0.00 |  0.00 |  11.93 
       2 |     10 |      0.00 |       0.00 |  0.00 |   9.84 
       2 |     11 |      0.00 |       0.00 |  0.00 |   5.74 
       2 |     12 |      0.00 |       0.00 |  0.00 |   3.85 
       3 |      1 |      4.00 |       0.00 |  0.76 |   0.76 
       3 |      2 |      3.24 |       0.00 |  2.60 |   2.60 
       3 |      3 |      0.63 |       0.00 |  0.63 |   4.02 
       3 |      4 |      0.00 |       0.00 |  0.00 |   9.10 
       3 |      5 |      0.00 |       0.00 |  0.00 |  11.49 
       3 |      6 |      0.00 |       0.00 |  0.00 |   8.38 
       3 |      7 |      0.00 |       0.00 |  0.00 |  10.05 
       3 |      8 |      0.00 |       0.00 |  0.00 |   8.40 
       3 |      9 |      0.00 |       0.00 |  0.00 |   7.17 
       3 |     10 |      0.00 |       0.24 |  0.24 |   4.79 
       3 |     11 |      0.00 |       1.14 |  1.14 |   1.14 
       3 |     12 |      0.00 |       0.63 |  0.63 |   0.63 
       4 |      1 |      3.00 |       0.71 |  3.71 |   4.79 
       4 |      2 |      0.00 |       1.78 |  1.78 |   8.84 
       4 |      3 |      0.00 |       4.20 |  4.20 |  13.21 
       4 |      4 |      0.00 |      10.30 | 10.30 |  12.54 
       4 |      5 |      0.00 |      12.38 |  8.11 |   8.11 
       4 |      6 |      4.27 |      13.23 | 12.02 |  12.02 
       4 |      7 |      5.47 |      11.42 |  6.21 |   6.21 
       4 |      8 |     10.69 |       0.00 |  5.09 |   5.09 
       4 |      9 |      5.60 |       0.00 |  1.57 |   1.57 
       4 |     10 |      4.03 |       0.00 |  0.66 |   0.66 
       4 |     11 |      3.37 |       0.00 |  1.20 |   1.20 
       4 |     12 |      2.17 |       0.25 |  2.41 |   2.41 
       5 |      1 |      3.00 |       0.00 |  3.00 |  11.14 
       5 |      2 |      0.00 |       0.00 |  0.00 |  14.58 
       5 |      3 |      0.00 |       0.00 |  0.00 |   8.18 
       5 |      4 |      0.00 |       0.00 |  0.00 |   8.77 
       5 |      5 |      0.00 |       0.00 |  0.00 |   5.15 
       5 |      6 |      0.00 |       0.00 |  0.00 |   3.86 
       5 |      7 |      0.00 |       0.00 |  0.00 |   2.06 
       5 |      8 |      0.00 |       0.00 |  0.00 |   0.82 
       5 |      9 |      0.00 |       0.00 |  0.00 |   1.09 
       5 |     10 |      0.00 |       0.00 |  0.00 |   2.23 
       5 |     11 |      0.00 |       0.00 |  0.00 |   6.39 
       5 |     12 |      0.00 |       0.00 |  0.00 |   5.71 
       6 |      1 |      3.00 |      11.41 | 14.41 |  14.41 
       6 |      2 |      0.00 |      12.52 | 12.52 |  12.52 
       6 |      3 |      0.00 |       9.34 |  9.34 |   9.34 
       6 |      4 |      0.00 |       4.08 |  4.08 |   4.08 
       6 |      5 |      0.00 |       2.25 |  2.25 |   2.25 
       6 |      6 |      0.00 |       0.51 |  0.51 |   0.51 
       6 |      7 |      0.00 |       1.55 |  0.85 |   0.85 
       6 |      8 |      0.71 |       7.67 |  2.47 |   2.47 
       6 |      9 |      5.91 |       4.00 |  4.33 |   4.33 
       6 |     10 |      5.57 |       4.11 |  9.69 |   9.69 
       6 |     11 |      0.00 |      10.95 | 10.95 |  10.95 
       6 |     12 |      0.00 |      10.36 | 10.36 |  10.36 

---------------------------------------------------------------------------------
 Secondary m. | Period |  Inventory | Procurement sec. m. | Procurement prim. m. 
---------------------------------------------------------------------------------
            1 |      1 |      10.00 |               30.00 |                 0.00 
            1 |      2 |      44.59 |                6.00 |                 0.00 
            1 |      3 |      93.07 |               26.00 |                 0.00 
            1 |      4 |      93.73 |               34.00 |                 0.00 
            1 |      5 |     101.65 |               45.00 |                 0.00 
            1 |      6 |     129.19 |               36.00 |                 0.00 
            1 |      7 |     144.08 |                2.00 |                 0.00 
            1 |      8 |     136.02 |               24.00 |                 0.00 
            1 |      9 |     110.35 |               28.00 |                 0.00 
            1 |     10 |      85.35 |               41.00 |                 0.00 
            1 |     11 |      51.50 |               33.00 |                 0.00 
            1 |     12 |      28.69 |               18.00 |                 0.00 
            2 |      1 |      10.00 |               46.00 |                 0.00 
            2 |      2 |      44.59 |               61.00 |                 0.00 
            2 |      3 |      93.07 |               10.00 |                 0.00 
            2 |      4 |      93.73 |               12.00 |                 0.00 
            2 |      5 |     101.65 |               34.00 |                 0.00 
            2 |      6 |     129.19 |               28.00 |                 0.00 
            2 |      7 |     144.08 |                4.42 |                 0.00 
            2 |      8 |     136.02 |                0.00 |                 0.00 
            2 |      9 |     110.35 |                0.00 |                 0.00 
            2 |     10 |      85.35 |                0.00 |                 0.00 
            2 |     11 |      51.50 |                0.00 |                 0.00 
            2 |     12 |      28.69 |                0.00 |                 0.00 

Service level for product 1: 0.1667
Service level for product 2: 0.2500
Service level for product 3: 0.3333
Service level for product 4: 0.6667
Service level for product 5: 0.0000
Service level for product 6: 1.0000
Total contribution margin: 19441.3426
