Optimal policy for availability model (Gurobi solver) 

Inventory level | Order quantity | Probability
===============================================
            -10 |             11 | 0.0000000763
             -9 |              9 | 0.0000017554
             -8 |              9 | 0.0000175479
             -7 |              9 | 0.0001161138
             -6 |              9 | 0.0005472650
             -5 |              9 | 0.0019612157
             -4 |              9 | 0.0055770313
             -3 |              9 | 0.0129877771
             -2 |              9 | 0.0254215832
             -1 |              9 | 0.0428413772
              0 |              9 | 0.0638576920
              1 |              8 | 0.0872294959
              2 |              7 | 0.1134558206
              3 |              6 | 0.1416581035
              4 |              5 | 0.1614145757
              5 |              4 | 0.1537803010
              6 |              3 | 0.1119731749
              7 |              2 | 0.0568832355
              8 |              1 | 0.0177352149
              9 |              0 | 0.0025407194
             10 |              0 | 0.0000000000
             11 |              0 | 0.0000000000
             12 |              0 | 0.0000000000
             13 |              0 | 0.0000000000
             14 |              0 | 0.0000000000
             15 |              0 | 0.0000000000
             16 |              0 | 0.0000000000
             17 |              0 | 0.0000000000
             18 |              0 | 0.0000000000
             19 |              0 | 0.0000000000
             20 |              0 | 0.0000000000

Expected total cost per period: 25.9237
Expected inventory level: 3.3884
Maximum inventory level: 9
Expected shortage: 0.1690
Maximum shortage: 10.0000
Expected order quantity: 5.6116
