Optimal circular master production schedule

------------------------------------------------------------
 Product | Period | Inventory | Production | Sales | Demand 
------------------------------------------------------------
       1 |      1 |      4.00 |       0.00 |  4.00 |   4.40 
       1 |      2 |      0.00 |       0.00 |  0.00 |   4.20 
       1 |      3 |      0.00 |       0.00 |  0.00 |   1.40 
       1 |      4 |      0.00 |       0.00 |  0.00 |   0.60 
       1 |      5 |      0.00 |       0.00 |  0.00 |   1.40 
       1 |      6 |      0.00 |       0.00 |  0.00 |   4.20 
       1 |      7 |      0.00 |       0.00 |  0.00 |   6.60 
       1 |      8 |      0.00 |       0.00 |  0.00 |  11.20 
       1 |      9 |      0.00 |       0.00 |  0.00 |   9.83 
       1 |     10 |      0.00 |       0.00 |  0.00 |   8.40 
       1 |     11 |      0.00 |       0.00 |  0.00 |   9.83 
       1 |     12 |      0.00 |       0.00 |  0.00 |   6.40 
       2 |      1 |      3.00 |       0.00 |  1.29 |   1.29 
       2 |      2 |      1.71 |       0.00 |  0.71 |   0.71 
       2 |      3 |      1.00 |       0.48 |  1.48 |   1.48 
       2 |      4 |      0.00 |       2.24 |  2.24 |   2.24 
       2 |      5 |      0.00 |       8.20 |  7.37 |   7.37 
       2 |      6 |      0.83 |      10.86 |  6.23 |   6.23 
       2 |      7 |      5.45 |      11.00 | 11.65 |  11.65 
       2 |      8 |      4.80 |      13.14 | 12.59 |  12.59 
       2 |      9 |      5.35 |       8.57 | 13.92 |  13.92 
       2 |     10 |      0.00 |      12.14 | 11.48 |  11.48 
       2 |     11 |      0.66 |       4.17 |  4.59 |   4.59 
       2 |     12 |      0.24 |       2.32 |  2.57 |   2.57 
       3 |      1 |      4.00 |       0.00 |  0.76 |   0.76 
       3 |      2 |      3.24 |       0.00 |  3.12 |   3.12 
       3 |      3 |      0.11 |       0.00 |  0.11 |   7.04 
       3 |      4 |      0.00 |       0.00 |  0.00 |   7.58 
       3 |      5 |      0.00 |       0.00 |  0.00 |   7.66 
       3 |      6 |      0.00 |       0.00 |  0.00 |  14.67 
       3 |      7 |      0.00 |       0.00 |  0.00 |  12.06 
       3 |      8 |      0.00 |       0.00 |  0.00 |  11.76 
       3 |      9 |      0.00 |       0.00 |  0.00 |   7.17 
       3 |     10 |      0.00 |       0.00 |  0.00 |   4.10 
       3 |     11 |      0.00 |       0.00 |  0.00 |   1.14 
       3 |     12 |      0.00 |       0.00 |  0.00 |   0.73 
       4 |      1 |      3.00 |       0.00 |  3.00 |   4.79 
       4 |      2 |      0.00 |       0.00 |  0.00 |  10.31 
       4 |      3 |      0.00 |       0.00 |  0.00 |  11.32 
       4 |      4 |      0.00 |       0.00 |  0.00 |  14.63 
       4 |      5 |      0.00 |       0.00 |  0.00 |  14.20 
       4 |      6 |      0.00 |       0.00 |  0.00 |  10.30 
       4 |      7 |      0.00 |       0.00 |  0.00 |   8.69 
       4 |      8 |      0.00 |       0.00 |  0.00 |   3.64 
       4 |      9 |      0.00 |       0.00 |  0.00 |   1.25 
       4 |     10 |      0.00 |       0.00 |  0.00 |   0.77 
       4 |     11 |      0.00 |       0.00 |  0.00 |   1.20 
       4 |     12 |      0.00 |       0.00 |  0.00 |   1.93 
       5 |      1 |      4.00 |       0.00 |  4.00 |  11.14 
       5 |      2 |      0.00 |       0.00 |  0.00 |  14.58 
       5 |      3 |      0.00 |       0.00 |  0.00 |  10.22 
       5 |      4 |      0.00 |       0.00 |  0.00 |  12.28 
       5 |      5 |      0.00 |       0.00 |  0.00 |   6.44 
       5 |      6 |      0.00 |       0.00 |  0.00 |   3.09 
       5 |      7 |      0.00 |       0.00 |  0.00 |   1.72 
       5 |      8 |      0.00 |       0.00 |  0.00 |   0.47 
       5 |      9 |      0.00 |       0.00 |  0.00 |   1.09 
       5 |     10 |      0.00 |       0.00 |  0.00 |   2.68 
       5 |     11 |      0.00 |       0.00 |  0.00 |   4.56 
       5 |     12 |      0.00 |       0.00 |  0.00 |   7.14 
       6 |      1 |      3.00 |       0.00 |  3.00 |  14.41 
       6 |      2 |      0.00 |       0.00 |  0.00 |   8.94 
       6 |      3 |      0.00 |       2.82 |  2.82 |   6.67 
       6 |      4 |      0.00 |       0.00 |  0.00 |   4.90 
       6 |      5 |      0.00 |       0.00 |  0.00 |   1.50 
       6 |      6 |      0.00 |       0.00 |  0.00 |   0.64 
       6 |      7 |      0.00 |       0.00 |  0.00 |   0.99 
       6 |      8 |      0.00 |       0.00 |  0.00 |   2.47 
       6 |      9 |      0.00 |       0.00 |  0.00 |   6.06 
       6 |     10 |      0.00 |       0.00 |  0.00 |   8.30 
       6 |     11 |      0.00 |       8.80 |  8.80 |  10.95 
       6 |     12 |      0.00 |       8.29 |  8.29 |   8.29 

---------------------------------------------------------------------------------
 Secondary m. | Period |  Inventory | Procurement sec. m. | Procurement prim. m. 
---------------------------------------------------------------------------------
            1 |      1 |       0.00 |                0.00 |                 0.00 
            1 |      2 |       0.00 |                0.00 |                 0.00 
            1 |      3 |       0.00 |                0.00 |                 0.00 
            1 |      4 |       0.00 |                0.00 |                 0.00 
            1 |      5 |       0.00 |                0.00 |                 0.00 
            1 |      6 |       0.00 |                0.00 |                 0.00 
            1 |      7 |       0.00 |                0.00 |                 0.00 
            1 |      8 |       0.00 |                0.00 |                 0.00 
            1 |      9 |       0.00 |                0.00 |                 0.00 
            1 |     10 |       0.00 |                0.00 |                 0.00 
            1 |     11 |       0.00 |                0.00 |                 0.00 
            1 |     12 |       0.00 |                0.00 |                 0.00 
            2 |      1 |       0.00 |                0.00 |                 0.00 
            2 |      2 |       0.00 |                0.00 |                 0.00 
            2 |      3 |       0.00 |                0.00 |                 0.00 
            2 |      4 |       0.00 |                0.00 |                 0.00 
            2 |      5 |       0.00 |                0.00 |                 0.00 
            2 |      6 |       0.00 |                0.00 |                 0.00 
            2 |      7 |       0.00 |                0.00 |                 0.00 
            2 |      8 |       0.00 |                0.00 |                 0.00 
            2 |      9 |       0.00 |                0.00 |                 0.00 
            2 |     10 |       0.00 |                0.00 |                 0.00 
            2 |     11 |       0.00 |                0.00 |                 0.00 
            2 |     12 |       0.00 |                0.00 |                 0.00 

Service level for product 1: 0.0000
Service level for product 2: 1.0000
Service level for product 3: 0.1667
Service level for product 4: 0.0000
Service level for product 5: 0.0000
Service level for product 6: 0.0833
Total contribution margin: 93418551.7007
