Optimal circular master production schedule

------------------------------------------------------------
 Product | Period | Inventory | Production | Sales | Demand 
------------------------------------------------------------
       1 |      1 |      3.00 |       0.00 |  3.00 |  10.29 
       1 |      2 |      0.00 |       0.00 |  0.00 |   8.94 
       1 |      3 |      0.00 |       0.00 |  0.00 |   5.34 
       1 |      4 |      0.00 |       0.00 |  0.00 |   3.27 
       1 |      5 |      0.00 |       0.00 |  0.00 |   1.50 
       1 |      6 |      0.00 |       0.00 |  0.00 |   1.02 
       1 |      7 |      0.00 |       0.00 |  0.00 |   0.85 
       1 |      8 |      0.00 |       0.00 |  0.00 |   2.47 
       1 |      9 |      0.00 |       0.00 |  0.00 |   5.20 
       1 |     10 |      0.00 |       0.00 |  0.00 |   9.69 
       1 |     11 |      0.00 |       0.00 |  0.00 |  12.78 
       1 |     12 |      0.00 |       0.00 |  0.00 |  14.51 
       2 |      1 |      4.00 |       0.00 |  4.00 |  10.29 
       2 |      2 |      0.00 |       0.00 |  0.00 |   8.94 
       2 |      3 |      0.00 |       0.00 |  0.00 |   5.34 
       2 |      4 |      0.00 |       0.00 |  0.00 |   3.27 
       2 |      5 |      0.00 |       0.00 |  0.00 |   1.50 
       2 |      6 |      0.00 |       0.00 |  0.00 |   1.02 
       2 |      7 |      0.00 |       0.00 |  0.00 |   0.85 
       2 |      8 |      0.00 |       0.00 |  0.00 |   2.47 
       2 |      9 |      0.00 |       0.00 |  0.00 |   5.20 
       2 |     10 |      0.00 |       0.00 |  0.00 |   9.69 
       2 |     11 |      0.00 |       0.00 |  0.00 |  12.78 
       2 |     12 |      0.00 |       0.00 |  0.00 |  14.51 
       3 |      1 |      5.00 |       0.00 |  5.00 |  10.29 
       3 |      2 |      0.00 |       0.00 |  0.00 |   8.94 
       3 |      3 |      0.00 |       0.00 |  0.00 |   5.34 
       3 |      4 |      0.00 |       0.00 |  0.00 |   3.27 
       3 |      5 |      0.00 |       0.00 |  0.00 |   1.50 
       3 |      6 |      0.00 |       0.00 |  0.00 |   1.02 
       3 |      7 |      0.00 |       0.00 |  0.00 |   0.85 
       3 |      8 |      0.00 |       0.00 |  0.00 |   2.47 
       3 |      9 |      0.00 |       0.00 |  0.00 |   5.20 
       3 |     10 |      0.00 |       0.00 |  0.00 |   9.69 
       3 |     11 |      0.00 |       0.00 |  0.00 |  12.78 
       3 |     12 |      0.00 |       0.00 |  0.00 |  14.51 
       4 |      1 |      4.00 |       0.00 |  4.00 |  10.29 
       4 |      2 |      0.00 |       0.00 |  0.00 |   8.94 
       4 |      3 |      0.00 |       0.00 |  0.00 |   5.34 
       4 |      4 |      0.00 |       0.00 |  0.00 |   3.27 
       4 |      5 |      0.00 |       0.00 |  0.00 |   1.50 
       4 |      6 |      0.00 |       0.00 |  0.00 |   1.02 
       4 |      7 |      0.00 |       0.00 |  0.00 |   0.85 
       4 |      8 |      0.00 |       0.00 |  0.00 |   2.47 
       4 |      9 |      0.00 |       0.00 |  0.00 |   5.20 
       4 |     10 |      0.00 |       0.00 |  0.00 |   9.69 
       4 |     11 |      0.00 |       0.00 |  0.00 |  12.78 
       4 |     12 |      0.00 |       0.00 |  0.00 |  14.51 
       5 |      1 |      4.00 |       0.00 |  4.00 |  10.29 
       5 |      2 |      0.00 |       0.00 |  0.00 |   8.94 
       5 |      3 |      0.00 |       0.00 |  0.00 |   5.34 
       5 |      4 |      0.00 |       3.27 |  3.27 |   3.27 
       5 |      5 |      0.00 |       1.50 |  1.50 |   1.50 
       5 |      6 |      0.00 |       0.00 |  0.00 |   1.02 
       5 |      7 |      0.00 |       0.00 |  0.00 |   0.85 
       5 |      8 |      0.00 |       1.07 |  1.07 |   2.47 
       5 |      9 |      0.00 |       5.20 |  5.20 |   5.20 
       5 |     10 |      0.00 |       9.69 |  9.69 |   9.69 
       5 |     11 |      0.00 |      12.78 | 12.78 |  12.78 
       5 |     12 |      0.00 |      14.51 | 14.51 |  14.51 
       6 |      1 |      4.00 |       6.29 | 10.29 |  10.29 
       6 |      2 |      0.00 |       8.94 |  8.94 |   8.94 
       6 |      3 |      0.00 |       5.34 |  5.34 |   5.34 
       6 |      4 |      0.00 |       3.27 |  3.27 |   3.27 
       6 |      5 |      0.00 |       1.50 |  1.50 |   1.50 
       6 |      6 |      0.00 |       1.02 |  1.02 |   1.02 
       6 |      7 |      0.00 |       0.85 |  0.85 |   0.85 
       6 |      8 |      0.00 |       2.47 |  2.47 |   2.47 
       6 |      9 |      0.00 |       5.20 |  5.20 |   5.20 
       6 |     10 |      0.00 |       9.69 |  9.69 |   9.69 
       6 |     11 |      0.00 |      12.78 | 12.78 |  12.78 
       6 |     12 |      0.00 |      14.51 | 14.51 |  14.51 

---------------------------------------------------------------------------------
 Secondary m. | Period |  Inventory | Procurement sec. m. | Procurement prim. m. 
---------------------------------------------------------------------------------
            1 |      1 |      25.00 |                4.17 |                 0.00 
            1 |      2 |      29.17 |                4.55 |                 0.00 
            1 |      3 |      33.72 |                3.35 |                 0.00 
            1 |      4 |      37.07 |                3.55 |                 0.04 
            1 |      5 |      34.13 |                3.80 |                 0.00 
            1 |      6 |      34.93 |                7.55 |                 0.00 
            1 |      7 |      42.48 |                5.53 |                 0.00 
            1 |      8 |      48.01 |                5.09 |                 0.00 
            1 |      9 |      50.96 |                5.37 |                 0.00 
            1 |     10 |      45.93 |                5.39 |                 0.00 
            1 |     11 |      31.95 |                5.76 |                 0.35 
            1 |     12 |      12.51 |                6.18 |                10.32 
            2 |      1 |      25.00 |                4.17 |                 0.00 
            2 |      2 |      29.17 |                4.55 |                 0.00 
            2 |      3 |      33.72 |                3.35 |                 0.00 
            2 |      4 |      37.07 |                3.55 |                 0.04 
            2 |      5 |      34.13 |                3.80 |                 0.00 
            2 |      6 |      34.93 |                7.55 |                 0.00 
            2 |      7 |      42.48 |                5.53 |                 0.00 
            2 |      8 |      48.01 |                5.09 |                 0.00 
            2 |      9 |      50.96 |                5.37 |                 0.00 
            2 |     10 |      45.93 |                5.39 |                 0.00 
            2 |     11 |      31.95 |                5.76 |                 0.35 
            2 |     12 |      12.51 |                6.18 |                10.32 

Service level for product 1: 0.0000
Service level for product 2: 0.0000
Service level for product 3: 0.0000
Service level for product 4: 0.0000
Service level for product 5: 0.5000
Service level for product 6: 1.0000
Total contribution margin: 16545.1440
